32263753974745992416386993596449
46294284908926614257512962972035
39466115794198149230397650698177
10140812118518628324532687948682
81423232388110758535207170214072
48132065489849826892993136680787
40412529524011285160827484507377
77586729238507355449864135317014
39530890708169725658975096935198
17837428821442077216936925655526
99908375630381003249154190450197
02251430052416794324634682541538
91461621278073677322160602303909
57025167190398705088822437608388
83298226306589653886593707595162
64362134254689064503423724109594
05722433008840675639743076861696
29553009631477909728702414155103
96286773358990369727963538646573
46414682843390484105940516103621
23632770953264618998044250608596
05956811027287518146206686439763
62768756973295555604968224406718
12421795279361887030263753727218
83576703763658541636500033923932
47937207055507066210161415056919
08598586981538228510564330893502
99769216800904089457213150830866
77365955622560436872733021408689
66832476562265692844904867239627
92923981243245721882901730427169
01896664153935047083268076918808
06579473323855421260905549214300
52171057598187558770355874674685
08922547654456557037339561122160
18043272354111882145451787086919
63384330512297930435118581324846
08999499422395543743283766538398
67850897421758663182924826893808
66865187939539474327589227095290
36295806824293458913657981172281
35608742441028101637938914667104
26447277288895865016610696451644
80326974120867863020114369369238
14488302014136803912338832489558
16172419621200936748587236901756
87759964345488297801660233812726
93047238378568923024066950793400
59812706152251945879490399552654
63396316651124959836349386974508
93893299439197952731855722985857
06104911140935710399895713738975
19678870353650837087221312811186
02340549429043158351615930624499
29211717250298169189805924045587
34001387737806418577240666762592
39082920354495333854257489457693
65457193464123408461939165030799
46317325643472368460915988597222
90887305859968084366749619456784
35924619232962407407584148404789
34439916510584549523830865024781
55973014762409120796714429531133
60609225006826847148609403523904
99353864181383927910409660428520
57572773435535401993759765380436
71849497128973268264923156269648
81117479802198026580418904557886
76668502805642865972566258763919
31343944791635715686453903712971
04683619922293547586984635728699
09450995368504729002325807403686
17921458270292590362950164805611
